0.002476,
0.002525,
0.002524,
0.002773,
0.001115,
0.001920,
0.002102,
0.002129,
0.000603,
0.001072,
0.001347,
0.001433,
0.000419,
0.000833,
0.001052,
0.001182,
0.000454,
0.000794,
0.000956,
0.001062,
0.000209,
0.000386,
0.000559,
0.000675,
0.000200,
0.000340,
0.000555,
0.000659,
0.000191,
0.000330,
0.000446,
0.000557,
0.000198,
0.000354,
0.000456,
0.000577,
0.000160,
0.000312,
0.000394,
0.000469,
0.000296,
0.000386,
0.000465,
0.000547,
0.000120,
0.000228,
0.000336,
0.000434,
0.000109,
0.000210,
0.000306,
0.000396,
0.000110,
0.000208,
0.000319,
0.000390,
0.000099,
0.000179,
0.000264,
0.000339,
0.000099,
0.000183,
0.000257,
0.000326,
0.000086,
0.000144,
0.000199,
0.000251,
0.000080,
0.000141,
0.000191,
0.000260,
0.000076,
0.000149,
