5000000,
10000000,
15000000,
20000000,
15000000,
20000000,
25000000,
30000000,
25000000,
30000000,
35000000,
40000000,
35000000,
40000000,
45000000,
50000000,
45000000,
50000000,
55000000,
60000000,
55000000,
60000000,
65000000,
70000000,
65000000,
70000000,
75000000,
80000000,
75000000,
80000000,
85000000,
90000000,
85000000,
90000000,
95000000,
100000000,
95000000,
100000000,
105000000,
110000000,
105000000,
110000000,
115000000,
120000000,
115000000,
120000000,
125000000,
130000000,
125000000,
130000000,
135000000,
140000000,
135000000,
140000000,
145000000,
150000000,
145000000,
150000000,
155000000,
160000000,
155000000,
160000000,
165000000,
170000000,
165000000,
170000000,
175000000,
180000000,
175000000,
180000000,
185000000,
190000000,
185000000,
190000000,
