12625614.000000,
36899944.000000,
54980808.000000,
73105536.000000,
91065896.000000,
108986440.000000,
126874816.000000,
144963936.000000,
162858080.000000,
180674752.000000,
198473312.000000,
216254992.000000,
234134928.000000,
251887472.000000,
269627488.000000,
287810784.000000,
305527616.000000,
323234080.000000,
340930816.000000,
358618208.000000,
376296736.000000,
393967584.000000,
411630336.000000,
429285280.000000,
446932672.000000,
464574528.000000,
482208544.000000,
499837536.000000,
517459968.000000,
535076000.000000,
552686784.000000,
570292544.000000,
587892288.000000,
605487296.000000,
623988800.000000,
641574848.000000,
659383168.000000,
676959488.000000,
691401536.000000,
