659394880.000000,
641825856.000000,
624252224.000000,
606673920.000000,
589090752.000000,
571502528.000000,
553909056.000000,
536310304.000000,
518705952.000000,
501095840.000000,
483479712.000000,
465857312.000000,
448228448.000000,
430592800.000000,
412950048.000000,
395299872.000000,
377641888.000000,
359975744.000000,
342300960.000000,
324617024.000000,
306923424.000000,
289219488.000000,
271504608.000000,
253777888.000000,
236038448.000000,
218285232.000000,
200516976.000000,
182732192.000000,
164929056.000000,
147105360.000000,
129258256.000000,
111384080.000000,
93477832.000000,
75532368.000000,
57536688.000000,
39471564.000000,
30092344.000000,
30092344.000000,
