195290128.000000,
213063088.000000,
230820592.000000,
248563968.000000,
266294320.000000,
284012640.000000,
301719712.000000,
319416288.000000,
337103008.000000,
354780448.000000,
372449088.000000,
390109440.000000,
407761856.000000,
425406752.000000,
443044448.000000,
460675328.000000,
478299584.000000,
495917536.000000,
513529408.000000,
531135424.000000,
548735808.000000,
566330816.000000,
583920512.000000,
601505152.000000,
619084928.000000,
636659904.000000,
654230272.000000,
671796224.000000,
689357760.000000,
691401856.000000,
