673840512.000000,
656275072.000000,
638705280.000000,
621130816.000000,
603551616.000000,
585967552.000000,
568378432.000000,
550784064.000000,
533184320.000000,
515578976.000000,
497967776.000000,
480350560.000000,
462727040.000000,
445096960.000000,
427460064.000000,
409816032.000000,
392164480.000000,
374505088.000000,
356837440.000000,
339161056.000000,
321475456.000000,
303780032.000000,
286074240.000000,
268357264.000000,
250628352.000000,
232886560.000000,
215130752.000000,
197359680.000000,
179571760.000000,
691401856.000000,
