1073689.375000,
1064907.125000,
1056129.500000,
1047236.187500,
1038337.375000,
1029298.312500,
1020620.625000,
996016.875000,
987652.375000,
979323.500000,
970854.500000,
962668.375000,
954381.875000,
935581.437500,
927216.875000,
918887.437500,
910685.687500,
891814.875000,
883468.312500,
874881.937500,
866215.937500,
847259.937500,
838907.062500,
830462.625000,
811572.312500,
803032.125000,
794513.125000,
775617.750000,
767131.062500,
748277.937500,
739865.562500,
721121.187500,
702440.937500,
694030.500000,
675070.812500,
656398.937500,
627449.125000,
598495.312500,
549506.875000,
